12640382.9394200123
[0-9]:  3, 2, 4, 3, 2, 0, 1, 0, 1, 2
1031424.1396212036
[0-9]:  2, 4, 3, 3, 2, 0, 2, 0, 0, 1
756442619
[0-9]:  0, 1, 1, 0, 2, 1, 2, 1, 0, 1
74018789.547124
[0-9]:  1, 2, 1, 0, 3, 1, 0, 3, 2, 1
8997.6044527938
[0-9]:  1, 0, 1, 1, 2, 1, 1, 2, 2, 3
638099379
[0-9]:  1, 0, 0, 2, 0, 0, 1, 1, 1, 3
95315765
[0-9]:  0, 1, 0, 1, 0, 3, 1, 1, 0, 1
1083168263
[0-9]:  1, 2, 1, 2, 0, 0, 2, 0, 2, 0
There were 4 integer values in the data set.
There were 4 decimal values in the data set.
0, 3, 0, 0, 0, 0, 1, 2, 1, 1
